1.294623140697781505e+00
1.308733736874201581e+00
1.259657702501246757e+00
1.120936296417083256e+00
9.317752722799572673e-01
7.450339318611767236e-01
5.941485221199320765e-01
4.804786305133710300e-01
4.010722701143206170e-01
3.562591224924120947e-01
2.994661315018755099e-01
2.617548438907394970e-01
2.355250662019711672e-01
1.998551757610633195e-01
2.032942875431793250e-01
1.679450007357791430e-01
2.392382465776356770e-01
1.290732546187771668e-01
3.879835133925421675e-01
0.000000000000000000e+00
0.000000000000000000e+00
0.000000000000000000e+00
0.000000000000000000e+00
0.000000000000000000e+00
0.000000000000000000e+00
0.000000000000000000e+00
0.000000000000000000e+00
0.000000000000000000e+00
0.000000000000000000e+00
0.000000000000000000e+00
0.000000000000000000e+00
0.000000000000000000e+00
0.000000000000000000e+00
0.000000000000000000e+00
0.000000000000000000e+00
0.000000000000000000e+00
0.000000000000000000e+00
0.000000000000000000e+00
0.000000000000000000e+00
0.000000000000000000e+00
0.000000000000000000e+00
0.000000000000000000e+00
0.000000000000000000e+00
0.000000000000000000e+00
0.000000000000000000e+00
0.000000000000000000e+00
0.000000000000000000e+00
0.000000000000000000e+00
0.000000000000000000e+00
0.000000000000000000e+00
